( 0,0 ) -- ( 0,0 ) 0.87426860254554462
( 0,0 ) -- ( 1,0 ) 0.0053069164649937163
( 0,0 ) -- ( 2,0 ) 0.0039243547191674623
( 0,0 ) -- ( 3,0 ) -0.002124205349542962
( 0,0 ) -- ( 4,0 ) -0.0076087031130851459
( 0,0 ) -- ( 5,0 ) -0.0071226645803909999
( 0,0 ) -- ( 6,0 ) -0.00046983261043010365
( 0,0 ) -- ( 7,0 ) 0.0069097580416136121
( 0,0 ) -- ( 8,0 ) 0.0087734048902148309
( 0,0 ) -- ( 9,0 ) 0.0037294992333118194
( 0,0 ) -- ( 10,0 ) -0.0036652920329785094
( 0,0 ) -- ( 11,0 ) -0.0071907286887584378
( 0,0 ) -- ( 12,0 ) -0.0046454248072186352
( 0,0 ) -- ( 13,0 ) 0.00059716854380666964
( 0,0 ) -- ( 14,0 ) 0.0032617957721184795
( 0,0 ) -- ( 15,0 ) 0.0016747998328309028
( 1,0 ) -- ( 0,0 ) 0.0053069164649937198
( 1,0 ) -- ( 1,0 ) 0.67562182379311486
( 1,0 ) -- ( 2,0 ) 0.015026971611612538
( 1,0 ) -- ( 3,0 ) 0.0018460854358362058
( 1,0 ) -- ( 4,0 ) -0.013394519141121535
( 1,0 ) -- ( 5,0 ) -0.016326084546903135
( 1,0 ) -- ( 6,0 ) -0.0043819015705072765
( 1,0 ) -- ( 7,0 ) 0.011615848653977089
( 1,0 ) -- ( 8,0 ) 0.017548030770536436
( 1,0 ) -- ( 9,0 ) 0.0088938374242724938
( 1,0 ) -- ( 10,0 ) -0.0058705608819443391
( 1,0 ) -- ( 11,0 ) -0.013758925589777307
( 1,0 ) -- ( 12,0 ) -0.0094508897370172724
( 1,0 ) -- ( 13,0 ) 0.00076783088499774886
( 1,0 ) -- ( 14,0 ) 0.0062295110104969567
( 1,0 ) -- ( 15,0 ) 0.0032630282203230145
( 2,0 ) -- ( 0,0 ) 0.0039243547191674588
( 2,0 ) -- ( 1,0 ) 0.015026971611612528
( 2,0 ) -- ( 2,0 ) 0.65029369475819676
( 2,0 ) -- ( 3,0 ) 0.022731743939521064
( 2,0 ) -- ( 4,0 ) 0.0055797299892443352
( 2,0 ) -- ( 5,0 ) -0.0086285119403054777
( 2,0 ) -- ( 6,0 ) -0.011119886413268824
( 2,0 ) -- ( 7,0 ) -0.0040548704195317482
( 2,0 ) -- ( 8,0 ) 0.0039830529735295425
( 2,0 ) -- ( 9,0 ) 0.0062596521308453052
( 2,0 ) -- ( 10,0 ) 0.002758324885332382
( 2,0 ) -- ( 11,0 ) -0.0016616825707370722
( 2,0 ) -- ( 12,0 ) -0.0028573212445744504
( 2,0 ) -- ( 13,0 ) -0.001018247127931426
( 2,0 ) -- ( 14,0 ) 0.00077092976965130889
( 2,0 ) -- ( 15,0 ) 0.00059907752791319693
( 3,0 ) -- ( 0,0 ) -0.002124205349542958
( 3,0 ) -- ( 1,0 ) 0.0018460854358362182
( 3,0 ) -- ( 2,0 ) 0.022731743939521057
( 3,0 ) -- ( 3,0 ) 0.70369950969493844
( 3,0 ) -- ( 4,0 ) 0.043369113314582639
( 3,0 ) -- ( 5,0 ) 0.020664778775449331
( 3,0 ) -- ( 6,0 ) -0.008772193516683709
( 3,0 ) -- ( 7,0 ) -0.027648740357550394
( 3,0 ) -- ( 8,0 ) -0.02537032768502941
( 3,0 ) -- ( 9,0 ) -0.0061237914020269247
( 3,0 ) -- ( 10,0 ) 0.014419973471259008
( 3,0 ) -- ( 11,0 ) 0.021234611015031282
( 3,0 ) -- ( 12,0 ) 0.011891080635625231
( 3,0 ) -- ( 13,0 ) -0.0028543240487177747
( 3,0 ) -- ( 14,0 ) -0.0094561434710273753
( 3,0 ) -- ( 15,0 ) -0.0046496502702072038
( 4,0 ) -- ( 0,0 ) -0.0076087031130851572
( 4,0 ) -- ( 1,0 ) -0.013394519141121521
( 4,0 ) -- ( 2,0 ) 0.0055797299892443144
( 4,0 ) -- ( 3,0 ) 0.043369113314582604
( 4,0 ) -- ( 4,0 ) 0.67050082966462132
( 4,0 ) -- ( 5,0 ) 0.06050064319818086
( 4,0 ) -- ( 6,0 ) 0.016658955080345844
( 4,0 ) -- ( 7,0 ) -0.02854793245316186
( 4,0 ) -- ( 8,0 ) -0.043020384336109906
( 4,0 ) -- ( 9,0 ) -0.02149049836530989
( 4,0 ) -- ( 10,0 ) 0.01324889742042526
( 4,0 ) -- ( 11,0 ) 0.031174564411140866
( 4,0 ) -- ( 12,0 ) 0.021259280393377347
( 4,0 ) -- ( 13,0 ) -0.0016581503139984316
( 4,0 ) -- ( 14,0 ) -0.013783114216062665
( 4,0 ) -- ( 15,0 ) -0.0072060355139766082
( 5,0 ) -- ( 0,0 ) -0.0071226645803910155
( 5,0 ) -- ( 1,0 ) -0.016326084546903128
( 5,0 ) -- ( 2,0 ) -0.0086285119403055003
( 5,0 ) -- ( 3,0 ) 0.020664778775449352
( 5,0 ) -- ( 4,0 ) 0.060500643198180826
( 5,0 ) -- ( 5,0 ) 0.62110607507442306
( 5,0 ) -- ( 6,0 ) 0.06279946743602334
( 5,0 ) -- ( 7,0 ) 0.01167963272465424
( 5,0 ) -- ( 8,0 ) -0.024955697246683325
( 5,0 ) -- ( 9,0 ) -0.027096057306458907
( 5,0 ) -- ( 10,0 ) -0.0058559400061692218
( 5,0 ) -- ( 11,0 ) 0.013277869542193694
( 5,0 ) -- ( 12,0 ) 0.014459186768636969
( 5,0 ) -- ( 13,0 ) 0.0027654831983380157
( 5,0 ) -- ( 14,0 ) -0.0058945596000747535
( 5,0 ) -- ( 15,0 ) -0.0036806625531409245
( 6,0 ) -- ( 0,0 ) -0.00046983261043010067
( 6,0 ) -- ( 1,0 ) -0.0043819015705072843
( 6,0 ) -- ( 2,0 ) -0.011119886413268804
( 6,0 ) -- ( 3,0 ) -0.0087721935166837229
( 6,0 ) -- ( 4,0 ) 0.016658955080345879
( 6,0 ) -- ( 5,0 ) 0.062799467436023396
( 6,0 ) -- ( 6,0 ) 0.62217091712418815
( 6,0 ) -- ( 7,0 ) 0.074207511998222106
( 6,0 ) -- ( 8,0 ) 0.027839630809577236
( 6,0 ) -- ( 9,0 ) -0.010994613906220124
( 6,0 ) -- ( 10,0 ) -0.027104211101890818
( 6,0 ) -- ( 11,0 ) -0.0215069119692427
( 6,0 ) -- ( 12,0 ) -0.0061277001179200798
( 6,0 ) -- ( 13,0 ) 0.0062748397181684951
( 6,0 ) -- ( 14,0 ) 0.0089143175757401515
( 6,0 ) -- ( 15,0 ) 0.0037382792717414823
( 7,0 ) -- ( 0,0 ) 0.0069097580416136129
( 7,0 ) -- ( 1,0 ) 0.011615848653977079
( 7,0 ) -- ( 2,0 ) -0.0040548704195317352
( 7,0 ) -- ( 3,0 ) -0.027648740357550373
( 7,0 ) -- ( 4,0 ) -0.028547932453161881
( 7,0 ) -- ( 5,0 ) 0.01167963272465423
( 7,0 ) -- ( 6,0 ) 0.07420751199822212
( 7,0 ) -- ( 7,0 ) 0.62743176626816843
( 7,0 ) -- ( 8,0 ) 0.085813099758576511
( 7,0 ) -- ( 9,0 ) 0.027887432775913712
( 7,0 ) -- ( 10,0 ) -0.02499019624497268
( 7,0 ) -- ( 11,0 ) -0.043142757673443125
( 7,0 ) -- ( 12,0 ) -0.025468887965781579
( 7,0 ) -- ( 13,0 ) 0.003994317710110217
( 7,0 ) -- ( 14,0 ) 0.01762817819462215
( 7,0 ) -- ( 15,0 ) 0.0088164129385269289
( 8,0 ) -- ( 0,0 ) 0.0087734048902148344
( 8,0 ) -- ( 1,0 ) 0.017548030770536436
( 8,0 ) -- ( 2,0 ) 0.0039830529735295547
( 8,0 ) -- ( 3,0 ) -0.025370327685029424
( 8,0 ) -- ( 4,0 ) -0.043020384336109913
( 8,0 ) -- ( 5,0 ) -0.024955697246683325
( 8,0 ) -- ( 6,0 ) 0.027839630809577198
( 8,0 ) -- ( 7,0 ) 0.085813099758576511
( 8,0 ) -- ( 8,0 ) 0.62720389307428659
( 8,0 ) -- ( 9,0 ) 0.074393365140737397
( 8,0 ) -- ( 10,0 ) 0.011719096264977746
( 8,0 ) -- ( 11,0 ) -0.028685013998213889
( 8,0 ) -- ( 12,0 ) -0.027802249907728057
( 8,0 ) -- ( 13,0 ) -0.0040789093886312846
( 8,0 ) -- ( 14,0 ) 0.011693961196167007
( 8,0 ) -- ( 15,0 ) 0.0069577529466981116
( 9,0 ) -- ( 0,0 ) 0.0037294992333118467
( 9,0 ) -- ( 1,0 ) 0.0088938374242725667
( 9,0 ) -- ( 2,0 ) 0.0062596521308452774
( 9,0 ) -- ( 3,0 ) -0.0061237914020269039
( 9,0 ) -- ( 4,0 ) -0.021490498365309984
( 9,0 ) -- ( 5,0 ) -0.027096057306458976
( 9,0 ) -- ( 6,0 ) -0.010994613906220186
( 9,0 ) -- ( 7,0 ) 0.027887432775913767
( 9,0 ) -- ( 8,0 ) 0.074393365140737092
( 9,0 ) -- ( 9,0 ) 0.62183420201271089
( 9,0 ) -- ( 10,0 ) 0.063064100707743584
( 9,0 ) -- ( 11,0 ) 0.016722496572928833
( 9,0 ) -- ( 12,0 ) -0.008841909953661152
( 9,0 ) -- ( 13,0 ) -0.011190426226489136
( 9,0 ) -- ( 14,0 ) -0.004399411058420356
( 9,0 ) -- ( 15,0 ) -0.00046638752063237301
( 10,0 ) -- ( 0,0 ) -0.0036652920329785037
( 10,0 ) -- ( 1,0 ) -0.0058705608819443833
( 10,0 ) -- ( 2,0 ) 0.0027583248853323751
( 10,0 ) -- ( 3,0 ) 0.014419973471258977
( 10,0 ) -- ( 4,0 ) 0.013248897420425298
( 10,0 ) -- ( 5,0 ) -0.005855940006169214
( 10,0 ) -- ( 6,0 ) -0.027104211101890843
( 10,0 ) -- ( 7,0 ) -0.024990196244972635
( 10,0 ) -- ( 8,0 ) 0.011719096264977783
( 10,0 ) -- ( 9,0 ) 0.063064100707743403
( 10,0 ) -- ( 10,0 ) 0.62077957551674812
( 10,0 ) -- ( 11,0 ) 0.060873037629043947
( 10,0 ) -- ( 12,0 ) 0.020808074394213574
( 10,0 ) -- ( 13,0 ) -0.0086901952462904355
( 10,0 ) -- ( 14,0 ) -0.016452376195514491
( 10,0 ) -- ( 15,0 ) -0.0071795487439631177
( 11,0 ) -- ( 0,0 ) -0.0071907286887584543
( 11,0 ) -- ( 1,0 ) -0.013758925589777248
( 11,0 ) -- ( 2,0 ) -0.0016616825707370638
( 11,0 ) -- ( 3,0 ) 0.021234611015031282
( 11,0 ) -- ( 4,0 ) 0.031174564411140943
( 11,0 ) -- ( 5,0 ) 0.01327786954219364
( 11,0 ) -- ( 6,0 ) -0.021506911969242731
( 11,0 ) -- ( 7,0 ) -0.043142757673443256
( 11,0 ) -- ( 8,0 ) -0.02868501399821393
( 11,0 ) -- ( 9,0 ) 0.016722496572928791
( 11,0 ) -- ( 10,0 ) 0.060873037629043919
( 11,0 ) -- ( 11,0 ) 0.66998547686952847
( 11,0 ) -- ( 12,0 ) 0.043721631810163641
( 11,0 ) -- ( 13,0 ) 0.0056290201502224484
( 11,0 ) -- ( 14,0 ) -0.013518914096662803
( 11,0 ) -- ( 15,0 ) -0.007681503249018176
( 12,0 ) -- ( 0,0 ) -0.0046454248072186465
( 12,0 ) -- ( 1,0 ) -0.0094508897370173123
( 12,0 ) -- ( 2,0 ) -0.002857321244574447
( 12,0 ) -- ( 3,0 ) 0.011891080635625243
( 12,0 ) -- ( 4,0 ) 0.02125928039337736
( 12,0 ) -- ( 5,0 ) 0.014459186768637
( 12,0 ) -- ( 6,0 ) -0.0061277001179201361
( 12,0 ) -- ( 7,0 ) -0.025468887965781634
( 12,0 ) -- ( 8,0 ) -0.027802249907728074
( 12,0 ) -- ( 9,0 ) -0.0088419099536612335
( 12,0 ) -- ( 10,0 ) 0.020808074394213474
( 12,0 ) -- ( 11,0 ) 0.043721631810163669
( 12,0 ) -- ( 12,0 ) 0.70328391768219067
( 12,0 ) -- ( 13,0 ) 0.022941892755054694
( 12,0 ) -- ( 14,0 ) 0.001857444919506381
( 12,0 ) -- ( 15,0 ) -0.0021490566053217362
( 13,0 ) -- ( 0,0 ) 0.000597168543806673
( 13,0 ) -- ( 1,0 ) 0.00076783088499774691
( 13,0 ) -- ( 2,0 ) -0.0010182471279314338
( 13,0 ) -- ( 3,0 ) -0.0028543240487177838
( 13,0 ) -- ( 4,0 ) -0.0016581503139984342
( 13,0 ) -- ( 5,0 ) 0.0027654831983380062
( 13,0 ) -- ( 6,0 ) 0.0062748397181684968
( 13,0 ) -- ( 7,0 ) 0.0039943177101102179
( 13,0 ) -- ( 8,0 ) -0.0040789093886312924
( 13,0 ) -- ( 9,0 ) -0.0111904262264891
( 13,0 ) -- ( 10,0 ) -0.0086901952462904077
( 13,0 ) -- ( 11,0 ) 0.0056290201502224319
( 13,0 ) -- ( 12,0 ) 0.02294189275505458
( 13,0 ) -- ( 13,0 ) 0.65007628169581544
( 13,0 ) -- ( 14,0 ) 0.015179883524609077
( 13,0 ) -- ( 15,0 ) 0.0039646817467085165
( 14,0 ) -- ( 0,0 ) 0.0032617957721184946
( 14,0 ) -- ( 1,0 ) 0.0062295110104969315
( 14,0 ) -- ( 2,0 ) 0.00077092976965130412
( 14,0 ) -- ( 3,0 ) -0.0094561434710273493
( 14,0 ) -- ( 4,0 ) -0.013783114216062649
( 14,0 ) -- ( 5,0 ) -0.0058945596000747934
( 14,0 ) -- ( 6,0 ) 0.008914317575740148
( 14,0 ) -- ( 7,0 ) 0.017628178194622122
( 14,0 ) -- ( 8,0 ) 0.011693961196167004
( 14,0 ) -- ( 9,0 ) -0.0043994110584203716
( 14,0 ) -- ( 10,0 ) -0.016452376195514522
( 14,0 ) -- ( 11,0 ) -0.013518914096662817
( 14,0 ) -- ( 12,0 ) 0.0018574449195063777
( 14,0 ) -- ( 13,0 ) 0.015179883524609063
( 14,0 ) -- ( 14,0 ) 0.67546629173722916
( 14,0 ) -- ( 15,0 ) 0.0053662927147879883
( 15,0 ) -- ( 0,0 ) 0.001674799832830892
( 15,0 ) -- ( 1,0 ) 0.0032630282203230236
( 15,0 ) -- ( 2,0 ) 0.00059907752791319476
( 15,0 ) -- ( 3,0 ) -0.004649650270207196
( 15,0 ) -- ( 4,0 ) -0.0072060355139766342
( 15,0 ) -- ( 5,0 ) -0.0036806625531408984
( 15,0 ) -- ( 6,0 ) 0.003738279271741485
( 15,0 ) -- ( 7,0 ) 0.0088164129385269029
( 15,0 ) -- ( 8,0 ) 0.0069577529466981203
( 15,0 ) -- ( 9,0 ) -0.00046638752063237257
( 15,0 ) -- ( 10,0 ) -0.007179548743963122
( 15,0 ) -- ( 11,0 ) -0.0076815032490181612
( 15,0 ) -- ( 12,0 ) -0.0021490566053217254
( 15,0 ) -- ( 13,0 ) 0.0039646817467085173
( 15,0 ) -- ( 14,0 ) 0.0053662927147879883
( 15,0 ) -- ( 15,0 ) 0.87423390885543362