( 0,0 ) -- ( 0,0 ) 0.78368165813266755
( 0,0 ) -- ( 0,1 ) 0.0028747847721022042
( 0,1 ) -- ( 0,0 ) 0.0028747847721022038
( 0,1 ) -- ( 0,1 ) 0.78368164930665107
( 0,0 ) -- ( 1,0 ) 0.0090493262838452198
( 0,0 ) -- ( 1,1 ) 0.0034098426095182741
( 0,1 ) -- ( 1,0 ) 0.0034098402967623056
( 0,1 ) -- ( 1,1 ) 0.0090493223969121059
( 0,0 ) -- ( 2,0 ) 0.0010902716513239332
( 0,0 ) -- ( 2,1 ) -0.0076638153783920764
( 0,1 ) -- ( 2,0 ) -0.0076638214164147737
( 0,1 ) -- ( 2,1 ) 0.0010902750514492862
( 0,0 ) -- ( 3,0 ) -0.00092800630315409134
( 0,0 ) -- ( 3,1 ) -0.01157796696778164
( 0,1 ) -- ( 3,0 ) -0.011577967177867323
( 0,1 ) -- ( 3,1 ) -0.00092800186379695749
( 0,0 ) -- ( 4,0 ) 0.007065429788819696
( 0,0 ) -- ( 4,1 ) -0.0033179092284114898
( 0,1 ) -- ( 4,0 ) -0.0033179110755561423
( 0,1 ) -- ( 4,1 ) 0.0070654294918786253
( 0,0 ) -- ( 5,0 ) 0.0074901589799277225
( 0,0 ) -- ( 5,1 ) -0.00075644898594299701
( 0,1 ) -- ( 5,0 ) -0.00075645170811188163
( 0,1 ) -- ( 5,1 ) 0.0074901548957274251
( 0,0 ) -- ( 6,0 ) 0.0021710205807071951
( 0,0 ) -- ( 6,1 ) -0.0028922235009938785
( 0,1 ) -- ( 6,0 ) -0.0028922255965353771
( 0,1 ) -- ( 6,1 ) 0.0021710223909959772
( 0,0 ) -- ( 7,0 ) -0.00015520183599225743
( 0,0 ) -- ( 7,1 ) -0.0013983021171948393
( 0,1 ) -- ( 7,0 ) -0.0013983023788174305
( 0,1 ) -- ( 7,1 ) -0.00015519926307347751
( 1,0 ) -- ( 0,0 ) 0.0090493262838452215
( 1,0 ) -- ( 0,1 ) 0.0034098402967623
( 1,1 ) -- ( 0,0 ) 0.0034098426095182668
( 1,1 ) -- ( 0,1 ) 0.0090493223969121111
( 1,0 ) -- ( 1,0 ) 0.69765109250438939
( 1,0 ) -- ( 1,1 ) 0.0064846459233166669
( 1,1 ) -- ( 1,0 ) 0.0064846459233166938
( 1,1 ) -- ( 1,1 ) 0.6976511059502617
( 1,0 ) -- ( 2,0 ) 0.026813734085648258
( 1,0 ) -- ( 2,1 ) -0.0088756083799682688
( 1,1 ) -- ( 2,0 ) -0.0088756189809017349
( 1,1 ) -- ( 2,1 ) 0.026813716254496987
( 1,0 ) -- ( 3,0 ) 0.015846724849301767
( 1,0 ) -- ( 3,1 ) -0.027239068864770351
( 1,1 ) -- ( 3,0 ) -0.027239067211959792
( 1,1 ) -- ( 3,1 ) 0.01584672154474645
( 1,0 ) -- ( 4,0 ) 0.018787463678529587
( 1,0 ) -- ( 4,1 ) -0.023444502404446999
( 1,1 ) -- ( 4,0 ) -0.023444492527181129
( 1,1 ) -- ( 4,1 ) 0.018787466438443052
( 1,0 ) -- ( 5,0 ) 0.018716457716279299
( 1,0 ) -- ( 5,1 ) -0.01470841260342038
( 1,1 ) -- ( 5,0 ) -0.014708409649207634
( 1,1 ) -- ( 5,1 ) 0.018716451494607749
( 1,0 ) -- ( 6,0 ) 0.010640811455315462
( 1,0 ) -- ( 6,1 ) -0.0099297243198533097
( 1,1 ) -- ( 6,0 ) -0.0099297248493136255
( 1,1 ) -- ( 6,1 ) 0.010640808915620557
( 1,0 ) -- ( 7,0 ) 0.0021710561645835393
( 1,0 ) -- ( 7,1 ) -0.0028922898813974322
( 1,1 ) -- ( 7,0 ) -0.0028922879832470358
( 1,1 ) -- ( 7,1 ) 0.0021710584654990746
( 2,0 ) -- ( 0,0 ) 0.0010902716513239261
( 2,0 ) -- ( 0,1 ) -0.0076638214164147572
( 2,1 ) -- ( 0,0 ) -0.0076638153783920243
( 2,1 ) -- ( 0,1 ) 0.0010902750514493046
( 2,0 ) -- ( 1,0 ) 0.026813734085648244
( 2,0 ) -- ( 1,1 ) -0.0088756189809017505
( 2,1 ) -- ( 1,0 ) -0.0088756083799683208
( 2,1 ) -- ( 1,1 ) 0.02681371625449698
( 2,0 ) -- ( 2,0 ) 0.65611447214846585
( 2,0 ) -- ( 2,1 ) 0.015594979063233884
( 2,1 ) -- ( 2,0 ) 0.015594979063233854
( 2,1 ) -- ( 2,1 ) 0.65611456683031955
( 2,0 ) -- ( 3,0 ) 0.06851389306258121
( 2,0 ) -- ( 3,1 ) -0.001920706449107933
( 2,1 ) -- ( 3,0 ) -0.0019207118987603087
( 2,1 ) -- ( 3,1 ) 0.068513848924986173
( 2,0 ) -- ( 4,0 ) 0.023471435136261092
( 2,0 ) -- ( 4,1 ) -0.045374711588106499
( 2,1 ) -- ( 4,0 ) -0.04537468256917928
( 2,1 ) -- ( 4,1 ) 0.023471441557978076
( 2,0 ) -- ( 5,0 ) 0.012212289869817807
( 2,0 ) -- ( 5,1 ) -0.042267954567469936
( 2,1 ) -- ( 5,0 ) -0.042267936800144068
( 2,1 ) -- ( 5,1 ) 0.01221229706415358
( 2,0 ) -- ( 6,0 ) 0.018716985299823307
( 2,0 ) -- ( 6,1 ) -0.014708894064702237
( 2,1 ) -- ( 6,0 ) -0.014708886944968606
( 2,1 ) -- ( 6,1 ) 0.018716968961780874
( 2,0 ) -- ( 7,0 ) 0.0074905063866731519
( 2,0 ) -- ( 7,1 ) -0.00075651855021374172
( 2,1 ) -- ( 7,0 ) -0.00075651218554125379
( 2,1 ) -- ( 7,1 ) 0.0074904990060277532
( 3,0 ) -- ( 0,0 ) -0.00092800630315410164
( 3,0 ) -- ( 0,1 ) -0.011577967177867399
( 3,1 ) -- ( 0,0 ) -0.011577966967781642
( 3,1 ) -- ( 0,1 ) -0.00092800186379695965
( 3,0 ) -- ( 1,0 ) 0.015846724849301819
( 3,0 ) -- ( 1,1 ) -0.027239067211959869
( 3,1 ) -- ( 1,0 ) -0.027239068864770351
( 3,1 ) -- ( 1,1 ) 0.015846721544746506
( 3,0 ) -- ( 2,0 ) 0.068513893062581016
( 3,0 ) -- ( 2,1 ) -0.0019207118987603026
( 3,1 ) -- ( 2,0 ) -0.0019207064491079139
( 3,1 ) -- ( 2,1 ) 0.06851384892498609
( 3,0 ) -- ( 3,0 ) 0.57771538852900373
( 3,0 ) -- ( 3,1 ) 0.019013482229856837
( 3,1 ) -- ( 3,0 ) 0.019013482229856851
( 3,1 ) -- ( 3,1 ) 0.57771539320225085
( 3,0 ) -- ( 4,0 ) 0.06631668316679179
( 3,0 ) -- ( 4,1 ) -0.02189054288369215
( 3,1 ) -- ( 4,0 ) -0.02189053681447466
( 3,1 ) -- ( 4,1 ) 0.066316672411774302
( 3,0 ) -- ( 5,0 ) 0.023472464875025113
( 3,0 ) -- ( 5,1 ) -0.04537714719470571
( 3,1 ) -- ( 5,0 ) -0.045377153162292738
( 3,1 ) -- ( 5,1 ) 0.023472458490129942
( 3,0 ) -- ( 6,0 ) 0.018789049946915475
( 3,0 ) -- ( 6,1 ) -0.023446328260651364
( 3,1 ) -- ( 6,0 ) -0.023446321549891357
( 3,1 ) -- ( 6,1 ) 0.0187890433619298
( 3,0 ) -- ( 7,0 ) 0.0070661828798860484
( 3,0 ) -- ( 7,1 ) -0.0033182057197190594
( 3,1 ) -- ( 7,0 ) -0.0033181957754116957
( 3,1 ) -- ( 7,1 ) 0.007066183984889199
( 4,0 ) -- ( 0,0 ) 0.0070654297888196986
( 4,0 ) -- ( 0,1 ) -0.0033179110755561323
( 4,1 ) -- ( 0,0 ) -0.0033179092284114833
( 4,1 ) -- ( 0,1 ) 0.0070654294918786765
( 4,0 ) -- ( 1,0 ) 0.018787463678529605
( 4,0 ) -- ( 1,1 ) -0.023444492527181223
( 4,1 ) -- ( 1,0 ) -0.023444502404446697
( 4,1 ) -- ( 1,1 ) 0.018787466438443232
( 4,0 ) -- ( 2,0 ) 0.023471435136261046
( 4,0 ) -- ( 2,1 ) -0.045374682569179238
( 4,1 ) -- ( 2,0 ) -0.045374711588106395
( 4,1 ) -- ( 2,1 ) 0.023471441557977812
( 4,0 ) -- ( 3,0 ) 0.066316683166791845
( 4,0 ) -- ( 3,1 ) -0.02189053681447466
( 4,1 ) -- ( 3,0 ) -0.021890542883692261
( 4,1 ) -- ( 3,1 ) 0.066316672411774011
( 4,0 ) -- ( 4,0 ) 0.57771059069225827
( 4,0 ) -- ( 4,1 ) 0.019013618356914678
( 4,1 ) -- ( 4,0 ) 0.019013618356914688
( 4,1 ) -- ( 4,1 ) 0.57771061719483441
( 4,0 ) -- ( 5,0 ) 0.06851976906393771
( 4,0 ) -- ( 5,1 ) -0.0019215150901446452
( 4,1 ) -- ( 5,0 ) -0.001921518915072285
( 4,1 ) -- ( 5,1 ) 0.068519746960298
( 4,0 ) -- ( 6,0 ) 0.015848860083001824
( 4,0 ) -- ( 6,1 ) -0.027242323432360948
( 4,1 ) -- ( 6,0 ) -0.027242325156289823
( 4,1 ) -- ( 6,1 ) 0.015848865053947135
( 4,0 ) -- ( 7,0 ) -0.00092796383665607577
( 4,0 ) -- ( 7,1 ) -0.011579470282103583
( 4,1 ) -- ( 7,0 ) -0.01157947160069258
( 4,1 ) -- ( 7,1 ) -0.00092794877660830712
( 5,0 ) -- ( 0,0 ) 0.0074901589799276479
( 5,0 ) -- ( 0,1 ) -0.00075645170811188228
( 5,1 ) -- ( 0,0 ) -0.00075644898594300427
( 5,1 ) -- ( 0,1 ) 0.0074901548957274555
( 5,0 ) -- ( 1,0 ) 0.018716457716279205
( 5,0 ) -- ( 1,1 ) -0.014708409649207601
( 5,1 ) -- ( 1,0 ) -0.014708412603420437
( 5,1 ) -- ( 1,1 ) 0.018716451494607735
( 5,0 ) -- ( 2,0 ) 0.012212289869817842
( 5,0 ) -- ( 2,1 ) -0.042267936800144144
( 5,1 ) -- ( 2,0 ) -0.042267954567469943
( 5,1 ) -- ( 2,1 ) 0.012212297064153511
( 5,0 ) -- ( 3,0 ) 0.023472464875025183
( 5,0 ) -- ( 3,1 ) -0.045377153162292461
( 5,1 ) -- ( 3,0 ) -0.045377147194704974
( 5,1 ) -- ( 3,1 ) 0.02347245849012998
( 5,0 ) -- ( 4,0 ) 0.068519769063937391
( 5,0 ) -- ( 4,1 ) -0.0019215189150722743
( 5,1 ) -- ( 4,0 ) -0.0019215150901446768
( 5,1 ) -- ( 4,1 ) 0.068519746960297334
( 5,0 ) -- ( 5,0 ) 0.65609724893364996
( 5,0 ) -- ( 5,1 ) 0.015596402889047888
( 5,1 ) -- ( 5,0 ) 0.01559640288904789
( 5,1 ) -- ( 5,1 ) 0.65609732942964327
( 5,0 ) -- ( 6,0 ) 0.026818117236054213
( 5,0 ) -- ( 6,1 ) -0.0088774875543136903
( 5,1 ) -- ( 6,0 ) -0.0088774784165635955
( 5,1 ) -- ( 6,1 ) 0.026818112023051583
( 5,0 ) -- ( 7,0 ) 0.0010904933868069999
( 5,0 ) -- ( 7,1 ) -0.0076653062098340444
( 5,1 ) -- ( 7,0 ) -0.0076653026285674357
( 5,1 ) -- ( 7,1 ) 0.001090503144449449
( 6,0 ) -- ( 0,0 ) 0.0021710205807071964
( 6,0 ) -- ( 0,1 ) -0.0028922255965353923
( 6,1 ) -- ( 0,0 ) -0.0028922235009938703
( 6,1 ) -- ( 0,1 ) 0.0021710223909959673
( 6,0 ) -- ( 1,0 ) 0.010640811455315344
( 6,0 ) -- ( 1,1 ) -0.0099297248493136446
( 6,1 ) -- ( 1,0 ) -0.0099297243198533027
( 6,1 ) -- ( 1,1 ) 0.010640808915620565
( 6,0 ) -- ( 2,0 ) 0.018716985299823376
( 6,0 ) -- ( 2,1 ) -0.01470888694496857
( 6,1 ) -- ( 2,0 ) -0.014708894064702214
( 6,1 ) -- ( 2,1 ) 0.018716968961780826
( 6,0 ) -- ( 3,0 ) 0.018789049946915482
( 6,0 ) -- ( 3,1 ) -0.023446321549891281
( 6,1 ) -- ( 3,0 ) -0.023446328260651402
( 6,1 ) -- ( 3,1 ) 0.018789043361929807
( 6,0 ) -- ( 4,0 ) 0.015848860083001803
( 6,0 ) -- ( 4,1 ) -0.027242325156289573
( 6,1 ) -- ( 4,0 ) -0.027242323432360768
( 6,1 ) -- ( 4,1 ) 0.015848865053947024
( 6,0 ) -- ( 5,0 ) 0.026818117236054092
( 6,0 ) -- ( 5,1 ) -0.0088774784165637118
( 6,1 ) -- ( 5,0 ) -0.0088774875543137996
( 6,1 ) -- ( 5,1 ) 0.026818112023051528
( 6,0 ) -- ( 6,0 ) 0.69764236114416966
( 6,0 ) -- ( 6,1 ) 0.0064853585974329079
( 6,1 ) -- ( 6,0 ) 0.0064853585974328108
( 6,1 ) -- ( 6,1 ) 0.69764235707820743
( 6,0 ) -- ( 7,0 ) 0.0090511323502002021
( 6,0 ) -- ( 7,1 ) 0.0034103679883078193
( 6,1 ) -- ( 7,0 ) 0.0034103741368363455
( 6,1 ) -- ( 7,1 ) 0.0090511275038930791
( 7,0 ) -- ( 0,0 ) -0.0001552018359922564
( 7,0 ) -- ( 0,1 ) -0.0013983023788174365
( 7,1 ) -- ( 0,0 ) -0.0013983021171948421
( 7,1 ) -- ( 0,1 ) -0.00015519926307347743
( 7,0 ) -- ( 1,0 ) 0.0021710561645835518
( 7,0 ) -- ( 1,1 ) -0.0028922879832469829
( 7,1 ) -- ( 1,0 ) -0.0028922898813974183
( 7,1 ) -- ( 1,1 ) 0.0021710584654990712
( 7,0 ) -- ( 2,0 ) 0.007490506386673158
( 7,0 ) -- ( 2,1 ) -0.00075651218554125281
( 7,1 ) -- ( 2,0 ) -0.00075651855021374368
( 7,1 ) -- ( 2,1 ) 0.0074904990060277133
( 7,0 ) -- ( 3,0 ) 0.0070661828798860736
( 7,0 ) -- ( 3,1 ) -0.0033181957754117117
( 7,1 ) -- ( 3,0 ) -0.0033182057197190698
( 7,1 ) -- ( 3,1 ) 0.0070661839848892355
( 7,0 ) -- ( 4,0 ) -0.00092796383665607837
( 7,0 ) -- ( 4,1 ) -0.011579471600692589
( 7,1 ) -- ( 4,0 ) -0.011579470282103625
( 7,1 ) -- ( 4,1 ) -0.0009279487766082978
( 7,0 ) -- ( 5,0 ) 0.0010904933868069934
( 7,0 ) -- ( 5,1 ) -0.0076653026285675285
( 7,1 ) -- ( 5,0 ) -0.0076653062098340306
( 7,1 ) -- ( 5,1 ) 0.0010905031444494563
( 7,0 ) -- ( 6,0 ) 0.0090511323502001986
( 7,0 ) -- ( 6,1 ) 0.0034103741368363095
( 7,1 ) -- ( 6,0 ) 0.0034103679883077695
( 7,1 ) -- ( 6,1 ) 0.0090511275038931052
( 7,0 ) -- ( 7,0 ) 0.78367951991354612
( 7,0 ) -- ( 7,1 ) 0.0028753688085804913
( 7,1 ) -- ( 7,0 ) 0.0028753688085804792
( 7,1 ) -- ( 7,1 ) 0.78367950738808345