( 0,0 ) -- ( 0,0 ) 0.21514836007478649
( 0,0 ) -- ( 0,1 ) 0.20198500781240003
( 0,1 ) -- ( 0,0 ) 0.20198500781240222
( 0,1 ) -- ( 0,1 ) 0.2151483606404696
( 0,0 ) -- ( 1,0 ) 0.22161944201056843
( 0,0 ) -- ( 1,1 ) 0.19417848507908572
( 0,1 ) -- ( 1,0 ) 0.19417848571569171
( 0,1 ) -- ( 1,1 ) 0.22161944154936794
( 0,0 ) -- ( 2,0 ) 0.041383949877948918
( 0,0 ) -- ( 2,1 ) 0.0055070856704103307
( 0,1 ) -- ( 2,0 ) 0.0055070768905767916
( 0,1 ) -- ( 2,1 ) 0.041383958873847174
( 0,0 ) -- ( 3,0 ) -0.060168073164712441
( 0,0 ) -- ( 3,1 ) -0.096680490365384258
( 0,1 ) -- ( 3,0 ) -0.096680490583162915
( 0,1 ) -- ( 3,1 ) -0.060168068096260185
( 0,0 ) -- ( 4,0 ) 0.020757628275686411
( 0,0 ) -- ( 4,1 ) -0.0093657455953485153
( 0,1 ) -- ( 4,0 ) -0.0093657168016424569
( 0,1 ) -- ( 4,1 ) 0.020757608452845529
( 0,0 ) -- ( 5,0 ) 0.064717799254510044
( 0,0 ) -- ( 5,1 ) 0.044368868797156312
( 0,1 ) -- ( 5,0 ) 0.044368897074484354
( 0,1 ) -- ( 5,1 ) 0.064717771764825308
( 0,0 ) -- ( 6,0 ) -0.0064692353183284958
( 0,0 ) -- ( 6,1 ) -0.018064318697780843
( 0,1 ) -- ( 6,0 ) -0.018064307734063256
( 0,1 ) -- ( 6,1 ) -0.006469253667302847
( 0,0 ) -- ( 7,0 ) -0.047529180239318063
( 0,0 ) -- ( 7,1 ) -0.052405264150260436
( 0,1 ) -- ( 7,0 ) -0.052405263633343073
( 0,1 ) -- ( 7,1 ) -0.047529183923889301
( 1,0 ) -- ( 0,0 ) 0.22161944201057066
( 1,0 ) -- ( 0,1 ) 0.19417848571569116
( 1,1 ) -- ( 0,0 ) 0.19417848507908608
( 1,1 ) -- ( 0,1 ) 0.22161944154936578
( 1,0 ) -- ( 1,0 ) 0.29709181744029056
( 1,0 ) -- ( 1,1 ) 0.22258539075755474
( 1,1 ) -- ( 1,0 ) 0.2225853907575544
( 1,1 ) -- ( 1,1 ) 0.29709180768245502
( 1,0 ) -- ( 2,0 ) 0.16706874767672492
( 1,0 ) -- ( 2,1 ) 0.074971795947489955
( 1,1 ) -- ( 2,0 ) 0.074971785129788013
( 1,1 ) -- ( 2,1 ) 0.16706875039065261
( 1,0 ) -- ( 3,0 ) 0.02849297236956274
( 1,0 ) -- ( 3,1 ) -0.061416743813604707
( 1,1 ) -- ( 3,0 ) -0.061416750935453311
( 1,1 ) -- ( 3,1 ) 0.028492987478714524
( 1,0 ) -- ( 4,0 ) 0.017411916537571879
( 1,0 ) -- ( 4,1 ) -0.055163324916649756
( 1,1 ) -- ( 4,0 ) -0.055163309435138648
( 1,1 ) -- ( 4,1 ) 0.017411923816923715
( 1,0 ) -- ( 5,0 ) 0.040013614203099637
( 1,0 ) -- ( 5,1 ) -0.0085730243141944155
( 1,1 ) -- ( 5,0 ) -0.008573010242047114
( 1,1 ) -- ( 5,1 ) 0.040013604943967045
( 1,0 ) -- ( 6,0 ) 0.017228676500332069
( 1,0 ) -- ( 6,1 ) -0.010345289249431055
( 1,1 ) -- ( 6,0 ) -0.010345288888112359
( 1,1 ) -- ( 6,1 ) 0.017228660853080446
( 1,0 ) -- ( 7,0 ) -0.0064696510125887901
( 1,0 ) -- ( 7,1 ) -0.018064795794101994
( 1,1 ) -- ( 7,0 ) -0.018064795473662607
( 1,1 ) -- ( 7,1 ) -0.0064696559474536472
( 2,0 ) -- ( 0,0 ) 0.041383949877948814
( 2,0 ) -- ( 0,1 ) 0.0055070768905770805
( 2,1 ) -- ( 0,0 ) 0.0055070856704096611
( 2,1 ) -- ( 0,1 ) 0.041383958873847111
( 2,0 ) -- ( 1,0 ) 0.16706874767672533
( 2,0 ) -- ( 1,1 ) 0.074971785129787624
( 2,1 ) -- ( 1,0 ) 0.074971795947488928
( 2,1 ) -- ( 1,1 ) 0.16706875039065325
( 2,0 ) -- ( 2,0 ) 0.33223236744325141
( 2,0 ) -- ( 2,1 ) 0.15915560511864399
( 2,1 ) -- ( 2,0 ) 0.15915560511864552
( 2,1 ) -- ( 2,1 ) 0.33223232857545087
( 2,0 ) -- ( 3,0 ) 0.24775330909006724
( 2,0 ) -- ( 3,1 ) 0.082975256733618205
( 2,1 ) -- ( 3,0 ) 0.082975252346332046
( 2,1 ) -- ( 3,1 ) 0.24775331408515133
( 2,0 ) -- ( 4,0 ) 0.049485503444021521
( 2,0 ) -- ( 4,1 ) -0.079937536836770628
( 2,1 ) -- ( 4,0 ) -0.079937553150096097
( 2,1 ) -- ( 4,1 ) 0.04948556332157858
( 2,0 ) -- ( 5,0 ) -0.021848988823458902
( 2,0 ) -- ( 5,1 ) -0.10780940551400742
( 2,1 ) -- ( 5,0 ) -0.1078094277640375
( 2,1 ) -- ( 5,1 ) -0.021848943270340589
( 2,0 ) -- ( 6,0 ) 0.040013879810221163
( 2,0 ) -- ( 6,1 ) -0.0085738017696380085
( 2,1 ) -- ( 6,0 ) -0.0085738303980689365
( 2,1 ) -- ( 6,1 ) 0.040013883835098921
( 2,0 ) -- ( 7,0 ) 0.064717721805074679
( 2,0 ) -- ( 7,1 ) 0.044368235736093227
( 2,1 ) -- ( 7,0 ) 0.044368227948515283
( 2,1 ) -- ( 7,1 ) 0.064717715804401402
( 3,0 ) -- ( 0,0 ) -0.060168073164712697
( 3,0 ) -- ( 0,1 ) -0.096680490583162249
( 3,1 ) -- ( 0,0 ) -0.096680490365384161
( 3,1 ) -- ( 0,1 ) -0.060168068096260366
( 3,0 ) -- ( 1,0 ) 0.028492972369562452
( 3,0 ) -- ( 1,1 ) -0.061416750935453589
( 3,1 ) -- ( 1,0 ) -0.061416743813604908
( 3,1 ) -- ( 1,1 ) 0.028492987478714472
( 3,0 ) -- ( 2,0 ) 0.24775330909006898
( 3,0 ) -- ( 2,1 ) 0.082975252346332726
( 3,1 ) -- ( 2,0 ) 0.082975256733617581
( 3,1 ) -- ( 2,1 ) 0.247753314085149
( 3,0 ) -- ( 3,0 ) 0.40551230337038296
( 3,0 ) -- ( 3,1 ) 0.15307941331210079
( 3,1 ) -- ( 3,0 ) 0.15307941331209854
( 3,1 ) -- ( 3,1 ) 0.40551226546180796
( 3,0 ) -- ( 4,0 ) 0.22086507553776663
( 3,0 ) -- ( 4,1 ) 0.02350281078114827
( 3,1 ) -- ( 4,0 ) 0.023502808230564828
( 3,1 ) -- ( 4,1 ) 0.22086508818027442
( 3,0 ) -- ( 5,0 ) 0.049484193044711584
( 3,0 ) -- ( 5,1 ) -0.079943383581031216
( 3,1 ) -- ( 5,0 ) -0.079943409157067685
( 3,1 ) -- ( 5,1 ) 0.049484238258458595
( 3,0 ) -- ( 6,0 ) 0.017414944641581345
( 3,0 ) -- ( 6,1 ) -0.055164401591926572
( 3,1 ) -- ( 6,0 ) -0.055164424162259793
( 3,1 ) -- ( 6,1 ) 0.017414951173686626
( 3,0 ) -- ( 7,0 ) 0.020762064463408308
( 3,0 ) -- ( 7,1 ) -0.0093632089641367457
( 3,1 ) -- ( 7,0 ) -0.0093632103776763523
( 3,1 ) -- ( 7,1 ) 0.020762066160167431
( 4,0 ) -- ( 0,0 ) 0.020757628275686953
( 4,0 ) -- ( 0,1 ) -0.0093657168016424656
( 4,1 ) -- ( 0,0 ) -0.0093657455953485708
( 4,1 ) -- ( 0,1 ) 0.020757608452845681
( 4,0 ) -- ( 1,0 ) 0.017411916537571816
( 4,0 ) -- ( 1,1 ) -0.055163309435139044
( 4,1 ) -- ( 1,0 ) -0.055163324916650824
( 4,1 ) -- ( 1,1 ) 0.017411923816923674
( 4,0 ) -- ( 2,0 ) 0.049485503444021466
( 4,0 ) -- ( 2,1 ) -0.079937553150096041
( 4,1 ) -- ( 2,0 ) -0.079937536836771184
( 4,1 ) -- ( 2,1 ) 0.049485563321578045
( 4,0 ) -- ( 3,0 ) 0.22086507553776658
( 4,0 ) -- ( 3,1 ) 0.023502808230564828
( 4,1 ) -- ( 3,0 ) 0.023502810781148329
( 4,1 ) -- ( 3,1 ) 0.22086508818027534
( 4,0 ) -- ( 4,0 ) 0.40551652852779485
( 4,0 ) -- ( 4,1 ) 0.15307396770064438
( 4,1 ) -- ( 4,0 ) 0.15307396770064316
( 4,1 ) -- ( 4,1 ) 0.40551645403506392
( 4,0 ) -- ( 5,0 ) 0.2477584254987964
( 4,0 ) -- ( 5,1 ) 0.082967896423021423
( 4,1 ) -- ( 5,0 ) 0.082967913076957708
( 4,1 ) -- ( 5,1 ) 0.24775840541051891
( 4,0 ) -- ( 6,0 ) 0.028496241936796441
( 4,0 ) -- ( 6,1 ) -0.06142225109140409
( 4,1 ) -- ( 6,0 ) -0.061422240534225028
( 4,1 ) -- ( 6,1 ) 0.028496240581107578
( 4,0 ) -- ( 7,0 ) -0.060165547306317575
( 4,0 ) -- ( 7,1 ) -0.096681782970280808
( 4,1 ) -- ( 7,0 ) -0.096681764048694496
( 4,1 ) -- ( 7,1 ) -0.060165525271118292
( 5,0 ) -- ( 0,0 ) 0.064717799254510031
( 5,0 ) -- ( 0,1 ) 0.044368897074484027
( 5,1 ) -- ( 0,0 ) 0.044368868797156173
( 5,1 ) -- ( 0,1 ) 0.064717771764824711
( 5,0 ) -- ( 1,0 ) 0.040013614203099596
( 5,0 ) -- ( 1,1 ) -0.0085730102420468867
( 5,1 ) -- ( 1,0 ) -0.0085730243141944294
( 5,1 ) -- ( 1,1 ) 0.040013604943967135
( 5,0 ) -- ( 2,0 ) -0.021848988823459106
( 5,0 ) -- ( 2,1 ) -0.10780942776403736
( 5,1 ) -- ( 2,0 ) -0.10780940551400783
( 5,1 ) -- ( 2,1 ) -0.021848943270340489
( 5,0 ) -- ( 3,0 ) 0.049484193044711244
( 5,0 ) -- ( 3,1 ) -0.079943409157068296
( 5,1 ) -- ( 3,0 ) -0.079943383581031396
( 5,1 ) -- ( 3,1 ) 0.049484238258458477
( 5,0 ) -- ( 4,0 ) 0.24775842549879534
( 5,0 ) -- ( 4,1 ) 0.082967913076957792
( 5,1 ) -- ( 4,0 ) 0.082967896423021131
( 5,1 ) -- ( 4,1 ) 0.24775840541051772
( 5,0 ) -- ( 5,0 ) 0.33224863602858329
( 5,0 ) -- ( 5,1 ) 0.15915106677581778
( 5,1 ) -- ( 5,0 ) 0.15915106677581825
( 5,1 ) -- ( 5,1 ) 0.33224861414848245
( 5,0 ) -- ( 6,0 ) 0.16707369802382541
( 5,0 ) -- ( 6,1 ) 0.074963791431504001
( 5,1 ) -- ( 6,0 ) 0.074963802382432693
( 5,1 ) -- ( 6,1 ) 0.16707369896626476
( 5,0 ) -- ( 7,0 ) 0.041383071456409432
( 5,0 ) -- ( 7,1 ) 0.0055009303986137646
( 5,1 ) -- ( 7,0 ) 0.0055009448713081027
( 5,1 ) -- ( 7,1 ) 0.041383096239731999
( 6,0 ) -- ( 0,0 ) -0.0064692353183284437
( 6,0 ) -- ( 0,1 ) -0.018064307734063374
( 6,1 ) -- ( 0,0 ) -0.018064318697781259
( 6,1 ) -- ( 0,1 ) -0.006469253667302847
( 6,0 ) -- ( 1,0 ) 0.017228676500332118
( 6,0 ) -- ( 1,1 ) -0.010345288888112312
( 6,1 ) -- ( 1,0 ) -0.010345289249431009
( 6,1 ) -- ( 1,1 ) 0.017228660853080304
( 6,0 ) -- ( 2,0 ) 0.040013879810221462
( 6,0 ) -- ( 2,1 ) -0.0085738303980689521
( 6,1 ) -- ( 2,0 ) -0.0085738017696380675
( 6,1 ) -- ( 2,1 ) 0.0400138838350989
( 6,0 ) -- ( 3,0 ) 0.017414944641581276
( 6,0 ) -- ( 3,1 ) -0.055164424162259633
( 6,1 ) -- ( 3,0 ) -0.055164401591927072
( 6,1 ) -- ( 3,1 ) 0.017414951173686626
( 6,0 ) -- ( 4,0 ) 0.028496241936796878
( 6,0 ) -- ( 4,1 ) -0.061422240534224619
( 6,1 ) -- ( 4,0 ) -0.061422251091403861
( 6,1 ) -- ( 4,1 ) 0.028496240581107359
( 6,0 ) -- ( 5,0 ) 0.16707369802382596
( 6,0 ) -- ( 5,1 ) 0.074963802382433664
( 6,1 ) -- ( 5,0 ) 0.074963791431504251
( 6,1 ) -- ( 5,1 ) 0.16707369896626351
( 6,0 ) -- ( 6,0 ) 0.29709981475733704
( 6,0 ) -- ( 6,1 ) 0.22258065579152667
( 6,1 ) -- ( 6,0 ) 0.22258065579152797
( 6,1 ) -- ( 6,1 ) 0.29709980486038995
( 6,0 ) -- ( 7,0 ) 0.22162162010222489
( 6,0 ) -- ( 7,1 ) 0.1941758089198001
( 6,1 ) -- ( 7,0 ) 0.19417581994285821
( 6,1 ) -- ( 7,1 ) 0.22162162206232214
( 7,0 ) -- ( 0,0 ) -0.047529180239317778
( 7,0 ) -- ( 0,1 ) -0.052405263633343163
( 7,1 ) -- ( 0,0 ) -0.052405264150260804
( 7,1 ) -- ( 0,1 ) -0.047529183923889266
( 7,0 ) -- ( 1,0 ) -0.0064696510125887546
( 7,0 ) -- ( 1,1 ) -0.018064795473662739
( 7,1 ) -- ( 1,0 ) -0.018064795794102084
( 7,1 ) -- ( 1,1 ) -0.0064696559474535335
( 7,0 ) -- ( 2,0 ) 0.064717721805074555
( 7,0 ) -- ( 2,1 ) 0.044368227948515741
( 7,1 ) -- ( 2,0 ) 0.044368235736092825
( 7,1 ) -- ( 2,1 ) 0.064717715804402109
( 7,0 ) -- ( 3,0 ) 0.020762064463408714
( 7,0 ) -- ( 3,1 ) -0.0093632103776763037
( 7,1 ) -- ( 3,0 ) -0.0093632089641369782
( 7,1 ) -- ( 3,1 ) 0.020762066160167753
( 7,0 ) -- ( 4,0 ) -0.060165547306317325
( 7,0 ) -- ( 4,1 ) -0.096681764048694552
( 7,1 ) -- ( 4,0 ) -0.096681782970281821
( 7,1 ) -- ( 4,1 ) -0.060165525271118847
( 7,0 ) -- ( 5,0 ) 0.041383071456409508
( 7,0 ) -- ( 5,1 ) 0.0055009448713083482
( 7,1 ) -- ( 5,0 ) 0.0055009303986138097
( 7,1 ) -- ( 5,1 ) 0.041383096239732499
( 7,0 ) -- ( 6,0 ) 0.22162162010222416
( 7,0 ) -- ( 6,1 ) 0.1941758199428596
( 7,1 ) -- ( 6,0 ) 0.1941758089197998
( 7,1 ) -- ( 6,1 ) 0.22162162206232305
( 7,0 ) -- ( 7,0 ) 0.21515027326537545
( 7,0 ) -- ( 7,1 ) 0.20198439456341291
( 7,1 ) -- ( 7,0 ) 0.20198439456341227
( 7,1 ) -- ( 7,1 ) 0.21515026368838314