1 -4.352530762627993 1.3739943567926858
2 -4.3408261108225386 1.4254389417087507
3 -4.32196153527266 1.517158085671916
4 -4.294451778538688 1.6444625616901618
11 -4.204554147623771 3.2158801745187375
15 -4.214464757054266 3.534072656904076
14 -4.211571617879478 3.419186445164911
12 -4.219928687026123 3.2691614597808965
13 -4.200668571583627 3.3390298597026877
8 -4.100899469980472 2.412418966841514
9 -4.139503088275802 2.6455269119559013
10 -4.20122593045809 2.9865170493341857
7 -4.159504563732732 2.19111854532326
6 -4.212405085711389 1.9862402961784902
5 -4.257791412192438 1.802441018662872
16 -4.193481617136882 3.6333670197313737
20 -4.14354284118799 4.0892631910406045
19 -4.155110890433779 3.966151209588947
18 -4.163308001758377 3.84713117059351
17 -4.174439960707758 3.7379415213875227
21 -4.128584761746879 4.209390568826727
22 -4.113792110990275 4.325741537686717
24 -4.108810918422005 4.565317705935065
23 -4.109777636649387 4.44110090381648
25 -4.110977053472464 4.689909036409766
26 -4.090568924490409 4.7884761794807105
28 -4.097553299051359 4.972525506017362
29 -4.097342861736095 5.032947143334727
27 -4.0916266068 4.872050892152327
31 -3.9700225319335445 5.229973568556122
30 -4.076987465429539 5.08270117199141
35 -3.6243014435464396 5.964485572689693
34 -3.6929344144178806 5.796341927324772
33 -3.775054612735488 5.615430555044522
32 -3.8683450363544445 5.425395154801674
39 -3.5011326068597555 6.437837977723033
38 -3.5107461581065493 6.356833778415512
37 -3.5331657721531027 6.248307640568939
36 -3.5708086681510807 6.116312161762858
