1 -4.1109357755667215 1.6343846843432441
5 -4.012997918013786 2.0558045299315157
6 -4.050287448003214 2.2414473753422346
9 -4.076971870595731 2.668009955236659
10 -4.090996161963748 2.7404008159797684
8 -4.095102127175341 2.617484953726958
7 -4.083486335474664 2.509655740752976
2 -4.0964636350476376 1.683842394868865
3 -4.075678027417095 1.77279555062871
4 -4.04781673822211 1.898181611471017
11 -4.080778166129331 2.835262061200087
12 -4.0575937511453155 2.924831923035601
17 -4.005608072403152 3.512693685432936
18 -3.9828987690581243 3.6348421565260907
15 -4.043515197606933 3.27008049274837
14 -4.050089587685932 3.1427035898752784
13 -4.053616315595313 3.0211232761293267
16 -4.028716254707081 3.3937222148783093
23 -3.884906677844043 4.27228961493379
21 -3.919901103620287 4.014382353109205
20 -3.9397920332873646 3.8862618193888565
22 -3.9015236547095427 4.143234625313827
19 -3.960852229596764 3.7595655287757523
30 -3.787250018449331 5.051356814017883
26 -3.8229378428841443 4.629480033723645
27 -3.7962292126915322 4.733850544870087
28 -3.794083443089665 4.832705765527056
25 -3.849470844873238 4.520091490436201
24 -3.870298545489362 4.400929227579375
31 -3.780371173499997 5.123820543399997
32 -3.789167835699999 5.2074636185
33 -3.7885143368000005 5.2551663133
34 -3.7165285960500007 5.329147676849999
39 -3.501329771255338 5.93948688493201
29 -3.7956216445600894 4.9500296906641985
38 -3.512395078105026 5.861569996248194
37 -3.537901988134708 5.757795487157322
36 -3.5802965212136133 5.632117570363924
35 -3.6401067931886804 5.488079759662529
