1 1.634384994656617 -4.117313101970629
4 1.6756764105039856 -4.070088876175813
2 1.6471421021104415 -4.107539842392658
5 1.696250579574361 -4.045728960825983
6 1.7242113327076751 -4.020720622887076
7 1.7591545754375701 -3.996130548191445
8 1.7976076402706553 -3.971622541383965
10 1.8419708164014708 -3.919713383065371
3 1.6602015036087003 -4.091424700421509
9 1.8272418506266064 -3.9463938817717263
13 1.8461176074361418 -3.8261765842472215
11 1.8467799235725835 -3.891025959948152
12 1.8474324789809202 -3.85993449604355
14 1.8412416456571066 -3.789610828284083
15 1.8353503489322804 -3.7501995918892277
19 1.8085900228675484 -3.5698881269267133
18 1.8112687871111461 -3.616823616613175
20 1.8075684619159347 -3.5285837273845573
17 1.8161904596526313 -3.6633692859302016
16 1.8227183378067195 -3.7080297892972283
