1 -4.035716165982826 1.8597049343479481
15 -3.9443204787640163 3.150954195783047
16 -3.921103772158972 3.270270164094608
17 -3.8972728866961326 3.3926957171098486
8 -4.025423688477737 2.4240034240544546
19 -3.848790186057787 3.6443854254372425
13 -3.985170113803303 2.9213353092074996
7 -4.040690548887412 2.356640991352128
18 -3.8730793943706026 3.5176077584912555
2 -4.021218653201363 1.9086243321009206
38 -3.515365210804429 5.569952814528932
11 -4.003861579463816 2.694525507621208
9 -4.0130108029091005 2.500528398456332
10 -4.009582233736449 2.588855990433789
5 -4.035174139740477 2.2487490454130086
20 -3.8247000800211524 3.7724095420128663
6 -4.037539769733252 2.2899896189173194
4 -4.034095237190815 2.131631264236555
34 -3.5978776855588954 5.291742397766422
14 -3.9666908813894004 3.0353772987582026
3 -4.009126723297044 1.9975505076608684
12 -3.9957294933378726 2.805620137582409
35 -3.6058099652689393 5.3430620391361145
39 -3.501692550660309 5.642457024589785
21 -3.801058370336108 3.9010813833247298
22 -3.778165328948681 4.029752101608022
37 -3.54628480645027 5.474461350774618
33 -3.6108435553289446 5.225032029586892
30 -3.616675879884351 4.951906933596675
23 -3.756291271437462 4.157830246368448
24 -3.735698392074596 4.284699135650246
36 -3.5969623832116895 5.3911607897845055
28 -3.658401098565591 4.755541308408624
27 -3.681146978974173 4.649123163460445
25 -3.7166350749287567 4.4097486148784135
26 -3.6993302115313575 4.5323717352205115
29 -3.6368501966890534 4.8566425213368944
32 -3.6083449374122605 5.133457089822885
31 -3.6085617932893754 5.040830669251378
